1,5684
21,1092
23,3031
28,9646
30,8302
39,9184
43,420
45,6979
60,8610
65,8281
76,2184
78,8540
81,2527
87,9898
96,3360
110,6146
121,6370
136,2009
137,2177
143,1897
152,7686
162,1848
185,3192
186,5761
190,7133
199,5705
200,1288
202,7315
211,1302
223,5537
229,238
235,3619
240,6279
258,9821
265,7028
267,7112
280,6839
293,7098
296,9660
307,6412
308,6230
349,9751
355,3038
358,2366
366,3395
370,2065
373,5999
376,6734
385,6405
387,6202
388,6440
394,6013
398,6517
407,5292
414,7896
415,6167
427,9485
429,9205
437,476
453,5866
477,812
484,742
486,2247
487,6720
509,1722
511,5747
512,7805
517,868
525,5187
527,1771
536,3010
537,21
553,6776
561,7182
572,2289
574,2891
578,3549
586,8092
594,5859
597,4536
602,1246
609,4767
613,8372
618,2030
623,4438
650,8904
651,4844
658,7924
663,4256
667,9933
678,371
686,7413
703,3857
709,7700
712,5887
718,8862
719,959
721,3787
725,2135
727,5740
728,3955
730,5467
735,112
736,9569
737,1218
756,8701
780,217
781,3465
782,7
783,3808
786,3458
794,546
796,6097
814,1407
817,3556
823,7756
827,6699
836,721
839,4235
842,1491
845,3094
850,8918
861,973
865,7819
866,1974
880,2793
882,6174
887,3241
888,1106
892,5362
906,7007
909,1953
916,1470
924,4823
929,6587
930,5418
932,8806
953,9163
956,5180
980,6944
984,9303
986,7434
988,6615
989,2079
1009,8526
1015,7917
1023,294
1042,4942
1049,2751
1056,882
1059,5061
1068,4291
1076,910
1081,336
1087,6265
1095,4039
1098,3738
1116,3766
1120,3913
1121,9667
1125,4802
1128,1568
1144,8757
1156,8729
1157,4851
1160,1687
1191,6209
1206,4459
1218,2758
1224,7343
1238,5691
1243,1673
1245,945
1246,7931
1262,7063
1285,1267
1288,9793
1292,5404
1311,7322
1322,9149
1336,7497
1338,6307
1341,5383
1350,5901
1352,2016
1354,672
1368,861
1371,8638
1377,1981
1384,9373
1390,9114
1391,5544
1412,2107
1418,1134
1420,6622
1423,3717
1430,5460
1432,8232
1463,1694
1470,4795
1516,994
1519,3269
1524,8393
1534,9401
1540,9429
1543,2954
1546,455
1547,7504
1562,3843
1567,266
1570,3542
1571,3297
1574,3997
1577,2450
1592,1820
1593,1337
1605,9499
1609,8512
1613,378
1615,3801
1616,3157
1622,5698
1629,6398
1672,7770
1673,2926
1701,2282
1706,5334
1727,9562
1729,4620
1736,6986
1757,1617
1758,4781
1761,686
1762,1442
1768,5264
1770,8190
1773,7602
1774,3528
1776,7399
1783,2569
1788,3850
1791,2338
1797,5313
1803,42
1809,5481
1821,7385
1823,9170
1831,231
1851,3129
1852,8953
1857,301
1862,1988
1863,5453
1871,6755
1872,2730
1878,2667
1897,4977
1904,9597
1905,9800
1926,3325
1934,8274
1942,2296
1943,63
1947,1330
1948,560
1952,9394
1959,1904
1969,8834
1970,2989
1979,2681
1990,210
1995,6573
2001,8365
2006,4319
2024,483
2035,6923
2042,2800
2044,2814
2047,6713
2053,7483
2068,3724
2078,7861
2081,4228
2086,6769
2090,7259
2093,9513
2110,7847
2116,2688
2118,315
2122,5348
2126,7560
2152,3598
2159,7287
2161,8533
2170,2646
2173,7616
2194,9135
2211,8841
2232,3878
2243,2212
2248,6069
2254,7161
2255,2037
2256,6377
2261,525
2271,6006
2291,6671
2333,6804
2343,3003
2354,9681
2356,2856
2363,3206
2383,2597
2385,8015
2389,9086
2391,2464
2394,2842
2398,1169
2400,2072
2403,6727
2420,1785
2422,3794
2428,5145
2430,7147
2440,1813
2457,8358
2460,784
2462,8799
2464,3696
2474,6503
2479,7042
2482,5607
2483,9723
2491,6216
2492,7140
2497,6118
2502,2331
2503,791
2519,5523
2520,1505
2522,1113
2526,9975
2529,1799
2539,1281
2548,2317
2553,1484
2560,9072
2563,6545
2564,434
2566,9702
2571,3892
2587,3388
2596,8561
2599,4830
2603,6328
2614,2219
2617,5894
2623,4858
2626,5726
2630,3227
2631,1554
2655,4900
2661,805
2673,644
2675,2695
2684,4081
2688,9107
2691,6020
2698,4648
2700,4473
2705,6251
2706,4347
2726,6930
2729,5957
2730,7273
2737,7567
2739,6349
2744,5600
2755,3570
2760,9051
2764,7693
2765,4123
2779,8687
2784,3437
2788,3689
2793,9212
2796,9758
2798,1925
2801,4515
2809,1575
2816,6153
2823,8246
2839,6846
2844,714
2854,6706
2870,3444
2879,4480
2890,6685
2899,5936
2910,9380
2913,8064
2932,7469
2945,7084
2950,3759
2958,4263
2962,4837
2965,889
2966,8197
2972,8603
2977,9625
2987,6132
2991,9884
2999,6286
3002,9121
3017,8449
3026,7826
3037,4739
3042,7840
3051,6195
3055,203
3063,329
3068,2163
3070,2471
3071,5040
3075,3647
3078,4137
3079,2884
3087,1379
3105,6489
3111,5586
3133,2772
3135,1869
3139,2373
3150,8652
3156,3346
3176,8778
3179,8736
3186,1176
3188,9352
3191,9058
3199,6601
3200,4445
3211,3675
3217,4466
3221,539
3236,2324
3238,602
3249,1463
3264,3661
3270,5943
3305,6076
3306,1344
3307,5502
3310,6104
3312,3430
3315,7525
3317,9618
3320,5572
3321,8211
3342,9688
3343,4389
3363,5985
3367,9534
3382,4606
3386,161
3389,679
3394,4242
3406,2275
3408,3479
3409,3612
3410,7630
3414,8386
3418,3920
3426,2835
3429,5838
3435,8470
3447,8008
3464,826
3476,4585
3483,8253
3494,7308
3505,3976
3506,1603
3513,1715
3519,1946
3522,8855
3528,6293
3535,2765
3539,175
3542,4970
3548,6342
3559,4144
3562,4354
3564,4655
3565,4963
3568,4165
3569,1372
3588,6482
3596,2303
3605,1624
3608,2541
3611,9338
3625,287
3639,2002
3646,1666
3659,8239
3667,3871
3673,2240
3677,1400
3691,9863
3698,3822
3699,3472
3711,6853
3712,6874
3714,4375
3716,1680
3720,6916
3728,8505
3729,5082
3742,1589
3744,8127
3748,6958
3751,1750
3755,4732
3759,3353
3768,3136
3772,8183
3776,2618
3779,1190
3781,3087
3799,8813
3809,6055
3831,1064
3836,707
3837,7252
3843,5488
3854,4494
3855,9037
3858,6125
3859,5208
3861,1918
3871,1260
3873,7455
3875,5810
3894,5285
3896,2870
3904,448
3910,9079
3916,5593
3920,9198
3924,3493
3927,1526
3934,5103
3935,7238
3947,9191
3949,5236
3957,2576
3962,1078
3974,9233
3980,8113
4003,966
4004,5075
4007,7889
4027,2142
4032,2625
4044,3052
4046,2611
4047,9387
4049,7049
4065,8883
4088,1309
4093,4669
4094,2947
4096,1939
4109,4158
4118,3682
4125,4298
4126,6041
4128,8218
4129,1001
4138,6657
4147,9044
4150,3577
4158,6433
4177,5299
4182,749
4184,4095
4193,637
4194,308
4196,182
4198,5446
4202,9268
4213,6790
4218,9002
4226,8589
4229,6181
4239,7658
4247,8890
4265,9450
4268,4025
4270,7833
4273,9506
4278,9877
4280,5663
4281,7168
4283,6881
4304,4718
4305,1323
4306,3073
4307,2100
4318,2933
4319,9919
4326,2961
4329,5712
4335,3990
4338,3899
4341,14
4348,6811
4360,6636
4367,616
4368,2548
4371,5047
4391,7070
4418,9065
4424,5390
4426,9786
4427,3367
4428,2674
4431,2709
4434,9870
4435,5194
4441,1141
4444,6496
4454,2226
4458,9527
4460,7210
4461,1659
4465,6062
4466,6461
4498,2849
4514,1967
4515,5068
4519,5159
4520,9842
4526,5551
4529,8708
4531,9891
4538,1435
4543,4074
4544,4249
4562,4627
4571,9828
4573,399
4582,4305
4585,9639
4591,2401
4604,518
4607,7546
4608,7126
4622,5978
4640,7336
4649,98
4664,2534
4668,6678
4672,9996
4700,3710
4706,8204
4708,2023
4732,8519
4752,7609
4756,8960
4762,252
4764,3024
4768,4004
4773,7637
4777,8554
4788,1295
4790,7959
4791,3745
4793,6139
4807,6335
4813,8176
4834,3633
4842,9240
4872,7574
4873,2191
4879,2583
4884,497
4895,5656
4897,5089
4899,581
4902,7721
4907,3318
4909,5306
4933,7091
4935,4116
4936,2828
4938,7462
4939,7651
4949,3332
4961,1071
4973,4053
4976,224
4981,3885
4990,609
4995,3402
4996,5327
4998,8029
4999,9632
5013,7420
5014,8078
5020,728
5024,6902
5035,8897
5036,6188
5041,5495
5044,1883
5046,6531
5051,9093
5054,5215
5060,7777
5069,8344
5070,4487
5075,1183
5078,7406
5079,1008
5086,4711
5112,2254
5117,3017
5122,7518
5142,4088
5144,1358
5149,3143
5152,5719
5154,1792
5157,511
5161,6643
5175,3626
5180,9177
5194,1043
5201,2737
5222,5565
5224,3962
5231,8764
5237,8141
5239,5425
5242,5789
5243,3605
5253,5012
5264,1631
5268,8876
5286,5005
5287,2198
5289,8148
5291,1995
5294,6762
5301,4193
5307,5033
5315,5670
5316,5355
5319,798
5320,3521
5323,9590
5340,7329
5341,9926
5351,2261
5358,385
5367,7763
5379,4067
5381,1155
5384,4221
5390,9128
5396,9555
5404,9954
5421,6223
5440,7595
5441,6594
5448,1764
5450,3150
5457,3374
5458,7679
5466,5614
5467,6951
5478,133
5484,5411
5488,5243
5491,7511
5493,7392
5498,5369
5503,2086
5518,8001
5525,4991
5529,1890
5532,2058
5544,7588
5548,3185
5551,5929
5555,6825
5558,2128
5561,1533
5564,4774
5567,3836
5569,1498
5588,5754
5593,4998
5594,8680
5598,5922
5603,8547
5617,1239
5625,4340
5631,9961
5644,4424
5646,9940
5649,49
5666,931
5682,7945
5694,2443
5701,1477
5703,1225
5710,7245
5727,1547
5728,1610
5731,4417
5735,8694
5736,2898
5741,364
5742,1932
5754,4571
5756,9709
5765,9730
5767,5803
5789,3059
5793,4949
5794,4725
5803,924
5817,1211
5824,8484
5826,3108
5837,469
5838,2506
5841,1862
5856,7294
5880,4662
5881,1638
5883,6524
5884,5796
5886,5096
5898,9345
5900,2268
5907,3304
5930,4284
5934,980
5935,2492
5941,4984
5956,8827
5959,441
5968,6419
5981,9835
5985,357
5988,7868
6021,105
6029,4809
6033,6314
6035,9247
6039,245
6041,777
6042,4690
6059,3668
6063,2352
6068,5558
6083,1743
6087,6629
6095,5775
6100,2485
6111,3115
6112,8022
6123,4683
6124,7714
6128,2723
6132,7784
6135,9779
6150,2380
6157,4613
6182,4431
6195,3080
6200,259
6202,84
6204,8316
6211,5229
6216,8351
6220,8477
6235,2170
6239,9275
6241,7966
6246,462
6251,3514
6264,4382
6267,8722
6268,7994
6284,6559
6292,7266
6296,9366
6329,9254
6331,7798
6333,2660
6336,9695
6337,2807
6338,9989
6355,4557
6356,5124
6358,3409
6362,3276
6368,623
6374,1099
6381,2590
6389,2205
6392,5271
6399,4277
6405,3640
6408,1428
6412,7371
6419,9359
6420,7301
6430,7665
6443,4753
6454,2387
6455,2422
6466,4207
6472,1855
6477,6650
6484,7742
6489,6258
6492,7490
6498,9478
6502,9604
6508,3045
6522,8981
6527,4529
6541,7672
6542,9436
6543,9912
6553,9289
6554,5635
6555,8155
6566,5019
6589,3101
6592,1162
6595,770
6601,5782
6606,8309
6607,9422
6613,2821
6616,6895
6628,8225
6638,9142
6645,1029
6650,1645
6652,6909
6665,9282
6667,763
6704,3451
6706,168
6715,8085
6722,8379
6726,9457
6727,1057
6733,5733
6735,6447
6748,4214
6779,7910
6783,9716
6787,9772
6789,3262
6791,6027
6800,273
6809,9492
6811,4508
6812,1050
6814,2919
6815,9947
6818,9737
6830,3864
6832,2779
6833,4641
6839,1701
6850,6664
6855,70
6856,406
6860,4697
6861,8414
6870,2156
6889,9408
6907,7448
6910,896
6914,8673
6915,574
6916,5621
6924,9009
6950,3773
6963,3164
6980,4578
6990,8967
7004,9317
7007,3255
7010,3584
7013,2604
7014,588
7034,2639
7038,3969
7041,7350
7047,6692
7048,6237
7050,5173
7059,4543
7060,2499
7068,8421
7073,4368
7092,3535
7097,3213
7104,4501
7111,8568
7112,8169
7115,2996
7119,5201
7121,1596
7123,3752
7128,630
7134,3941
7135,4403
7152,5509
7154,1911
7161,5026
7166,147
7176,7973
7190,2394
7192,8848
7204,4893
7209,9261
7211,7441
7213,7154
7214,2408
7217,5579
7233,1197
7234,6748
7239,5166
7249,8162
7252,8498
7261,8939
7263,8036
7276,2310
7285,1834
7290,2562
7292,7903
7298,6566
7301,7364
7315,7189
7322,5138
7323,9310
7329,8407
7333,5397
7339,8428
7350,7707
7363,322
7381,5824
7401,4865
7403,9415
7407,5474
7416,8631
7423,9674
7466,8624
7474,6272
7475,4018
7481,6244
7486,9611
7489,5257
7493,8050
7498,8617
7526,8715
7527,3381
7544,5845
7546,6510
7548,2513
7560,5278
7569,1652
7581,7644
7584,693
7594,490
7607,6454
7613,7021
7618,504
7624,5628
7634,4046
7638,4634
7641,9226
7649,1729
7650,5908
7657,6888
7663,6783
7667,3416
7675,2520
7687,4032
7692,903
7700,2345
7712,8946
7716,7875
7723,5873
7738,1708
7739,2233
7741,7014
7744,8666
7747,1274
7750,4130
7752,5439
7753,8582
7755,651
7759,6608
7768,4746
7770,8932
7774,4935
7776,9331
7778,4907
7779,6797
7784,3591
7789,1876
7793,7854
7813,5530
7818,77
7826,6111
7833,7735
7836,8288
7850,4816
7854,3248
7863,7378
7880,3178
7881,3283
7888,5880
7892,5992
7906,7035
7907,2359
7911,9548
7912,6937
7928,5054
7931,4592
7933,6090
7939,1456
7957,8134
7961,9541
7964,854
7969,9765
7973,5852
7976,1085
7977,9324
7981,5950
7999,6083
8010,5152
8023,3234
8027,154
8034,350
8035,7203
8037,3780
8039,7224
8041,5971
8073,91
8074,8491
8086,4599
8096,8267
8098,756
8101,3311
8104,4522
8112,7532
8115,4676
8129,7812
8130,2555
8147,2457
8155,2702
8182,1806
8202,4886
8209,1393
8210,7728
8211,4186
8216,2716
8217,6160
8226,8260
8227,8645
8236,413
8251,4956
8253,9219
8267,9443
8269,3703
8274,8120
8279,3934
8281,9968
8284,917
8287,140
8296,4109
8301,8750
8305,6972
8307,35
8308,735
8320,3500
8321,7539
8327,5677
8349,7280
8350,9905
8354,6832
8357,2786
8407,4312
8408,6391
8454,7077
8458,4788
8463,8596
8475,343
8478,6867
8482,6965
8483,7427
8485,9156
8493,56
8498,6426
8500,9982
8505,4333
8507,1778
8537,7987
8538,1519
8541,6818
8546,1015
8553,1540
8554,3829
8568,5110
8576,2744
8581,658
8584,8295
8590,1421
8602,665
8604,5222
8607,3423
8615,6356
8620,2653
8633,1736
8636,1960
8641,9030
8658,847
8683,5768
8707,4704
8711,952
8716,2632
8721,3066
8728,8869
8729,4921
8731,8071
8736,5320
8738,8330
8743,8659
8754,4172
8772,4200
8798,8057
8801,1365
8803,700
8804,9520
8811,189
8814,8043
8823,9296
8828,8463
8830,840
8839,9744
8843,7476
8847,2093
8850,3731
8857,9023
8859,8442
8871,1757
8883,3290
8891,427
8913,280
8915,2982
8933,3563
8959,819
8968,0
8972,1827
8974,7000
8976,1127
9005,7882
9014,4928
9021,119
9028,6468
9052,7980
9059,7119
9078,4151
9079,2429
9083,2044
9090,4410
9097,2121
9098,8785
9100,9583
9103,9814
9105,2877
9131,1036
9139,1232
9141,8456
9145,6538
9151,4760
9154,1512
9171,8974
9172,9807
9203,7553
9204,3507
9205,7217
9206,9849
9209,6580
9210,3171
9221,8988
9229,5131
9231,1204
9240,4011
9265,4326
9274,595
9284,8792
9287,4102
9296,5376
9317,8743
9319,6048
9328,9016
9329,8323
9331,4564
9343,7581
9344,6552
9347,6993
9349,3654
9355,938
9383,6741
9389,1148
9390,5817
9391,3339
9392,9653
9394,3122
9397,28
9409,4060
9423,875
9425,8820
9428,7231
9431,1022
9434,4550
9437,5117
9442,2478
9448,4361
9454,5831
9456,392
9469,8400
9470,7105
9472,126
9476,5341
9481,2051
9484,7749
9485,3199
9487,8995
9501,8435
9504,2912
9514,2114
9525,1582
9528,8911
9529,1561
9531,8925
9543,3220
9561,7175
9569,3983
9586,1351
9590,5250
9595,3906
9600,987
9610,3948
9625,7357
9631,2149
9632,5964
9634,6363
9640,7938
9656,4452
9660,4270
9672,6384
9685,9464
9688,5516
9713,2975
9720,5915
9727,2415
9730,6321
9732,2968
9736,1449
9758,3815
9760,4872
9762,8575
9769,3927
9772,2436
9774,4879
9782,3486
9788,4396
9791,553
9798,5432
9799,1253
9817,8337
9819,1841
9820,532
9821,8106
9824,1414
9832,567
9840,9100
9845,833
9853,5649
9867,4179
9870,1316
9871,7952
9875,9576
9877,7791
9884,6034
9891,5642
9905,9856
9906,1120
9916,7196
9926,2863
9931,7623
9935,1386
9937,6475
9938,6860
9943,6300
9959,9471
9963,7056
9973,8099
9975,4914
9983,2940
9988,196
9991,2905
9997,8771
