0 -> 2,56,84,929
1 -> 16,3,351,43
10 -> 11,1501,41
100 -> 2361,5
1000 -> 1002
1001 -> 2272,769
1002 -> 1001
1003 -> 1004,1110,1311,1462
1004 -> 1005
1005 -> 23
1006 -> 1007,2763
1007 -> 1008
1008 -> 161,1868,1923
1009 -> 1225,2328,676
101 -> 100,285
1010 -> 1011
1011 -> 1009
1012 -> 18
1013 -> 1014
1014 -> 1012
1015 -> 1017
1016 -> 389
1017 -> 1016,1519
1018 -> 1019
1019 -> 841
102 -> 101,1873
1020 -> 1018
1021 -> 2211,953
1022 -> 1021,1594
1023 -> 1022
1024 -> 1095,979
1025 -> 1026
1026 -> 1024
1027 -> 684
1028 -> 1027,2509
1029 -> 1028,2930
103 -> 104,2084,2242
1030 -> 502
1031 -> 1030
1032 -> 1031
1033 -> 909
1034 -> 1035,1678
1035 -> 1033,1085,1843
1036 -> 1038
1037 -> 181
1038 -> 1037
1039 -> 1040,1413,2334
104 -> 105,108
1040 -> 2867,634
1041 -> 1039,1303
1042 -> 176,2346
1043 -> 1044
1044 -> 1042
1045 -> 1047,1051
1046 -> 1045
1047 -> 805
1048 -> 243
1049 -> 1048,1090
105 -> 119,40
1050 -> 1049
1051 -> 1052
1052 -> 1053,2030
1053 -> 1045
1054 -> 1055,2793
1055 -> 416
1056 -> 1054
1057 -> 212
1058 -> 1059
1059 -> 1057
106 -> 104,138,343
1060 -> 1062
1061 -> 1060
1062 -> 1219,228
1063 -> 535
1064 -> 1065
1065 -> 1063,1932
1066 -> 1067
1067 -> 1068
1068 -> 64
1069 -> 1071,1714
107 -> 106,2402
1070 -> 361
1071 -> 1070
1072 -> 1123,1415,157
1073 -> 1072
1074 -> 1073,1096,1906,3000
1075 -> 1076
1076 -> 1077,2531
1077 -> 482
1078 -> 1079,1319,1422
1079 -> 37
108 -> 107,2038
1080 -> 1078
1081 -> 1082,2655
1082 -> 1083
1083 -> 772
1084 -> 1086
1085 -> 1084,1499
1086 -> 1035
1087 -> 1089
1088 -> 544
1089 -> 1088,2809
109 -> 110,252
1090 -> 1091
1091 -> 1092
1092 -> 1049,1378
1093 -> 1094
1094 -> 1024,2497
1095 -> 1093
1096 -> 1097
1097 -> 1098
1098 -> 1074
1099 -> 1100
11 -> 1748,9
110 -> 1203,37,655
1100 -> 1101
1101 -> 208
1102 -> 1103,2364
1103 -> 2608,327
1104 -> 1102
1105 -> 1107
1106 -> 20,2952
1107 -> 1106
1108 -> 1109
1109 -> 1003
111 -> 109
1110 -> 1108
1111 -> 427
1112 -> 1111
1113 -> 1112
1114 -> 1116
1115 -> 1114,1900,2010
1116 -> 512
1117 -> 1119
1118 -> 303
1119 -> 1118,2976
112 -> 114,836
1120 -> 1122
1121 -> 720
1122 -> 1121
1123 -> 1125
1124 -> 1072
1125 -> 1124,1129
1126 -> 1990,2064,72
1127 -> 1126
1128 -> 1127
1129 -> 1130
113 -> 112,131
1130 -> 1131
1131 -> 1125,1484
1132 -> 1133
1133 -> 460
1134 -> 1132,1797
1135 -> 1136,1544,2419
1136 -> 512
1137 -> 1135
1138 -> 24
1139 -> 1138
114 -> 18,2158,220,455,667
1140 -> 1139
1141 -> 1191,877
1142 -> 1143
1143 -> 1141
1144 -> 1145
1145 -> 1186,562
1146 -> 1144,1688,1958
1147 -> 153
1148 -> 1149
1149 -> 1147
115 -> 116,242,433
1150 -> 1152,2971
1151 -> 334
1152 -> 1151,2416
1153 -> 1155
1154 -> 1340,368
1155 -> 1154
1156 -> 1158,1292,1989
1157 -> 1156
1158 -> 447
1159 -> 547
116 -> 117
1160 -> 1161,1965
1161 -> 1159,2505
1162 -> 1163
1163 -> 986
1164 -> 1162
1165 -> 1167
1166 -> 1165
1167 -> 497
1168 -> 547
1169 -> 1168
117 -> 2
1170 -> 1169
1171 -> 1173
1172 -> 1171
1173 -> 1642,350
1174 -> 426
1175 -> 1174,1816
1176 -> 1175,1247
1177 -> 1179,1205
1178 -> 1177,1546
1179 -> 349
118 -> 105
1180 -> 154
1181 -> 1180
1182 -> 1181,1207,2077,2087
1183 -> 1184
1184 -> 1185
1185 -> 1839,440
1186 -> 1188
1187 -> 1145,1509,2354
1188 -> 1187
1189 -> 1141,1565
119 -> 120,135
1190 -> 1189,2431
1191 -> 1190
1192 -> 1193
1193 -> 2247,635
1194 -> 1192
1195 -> 1197
1196 -> 635
1197 -> 1196
1198 -> 1199
1199 -> 1264,2392,339
12 -> 10,311,370,457
120 -> 118
1200 -> 1198
1201 -> 110,1728
1202 -> 1201
1203 -> 1202
1204 -> 1177
1205 -> 1206
1206 -> 1204,1666
1207 -> 1208
1208 -> 1209,1759
1209 -> 1182,2990
121 -> 181,4,563
1210 -> 1212,1230
1211 -> 1210,1966
1212 -> 269
1213 -> 160
1214 -> 1215
1215 -> 1213
1216 -> 1217
1217 -> 197
1218 -> 1216
1219 -> 1220
122 -> 123,970
1220 -> 1221,1322,1489
1221 -> 1062
1222 -> 1224
1223 -> 1222
1224 -> 893
1225 -> 1226
1226 -> 1227,2737
1227 -> 1009
1228 -> 1210
1229 -> 1228
123 -> 121
1230 -> 1229,1518
1231 -> 1232,1272
1232 -> 2235,354
1233 -> 1231,1974
1234 -> 374
1235 -> 1236,2048
1236 -> 1234,2733
1237 -> 1238
1238 -> 1239
1239 -> 165
124 -> 126,207,847
1240 -> 1242
1241 -> 568
1242 -> 1241
1243 -> 1245
1244 -> 672
1245 -> 1244
1246 -> 1176
1247 -> 1248
1248 -> 1246,2400
1249 -> 1250
125 -> 124,1437
1250 -> 1251
1251 -> 524
1252 -> 1253
1253 -> 1254,1554
1254 -> 647
1255 -> 1256
1256 -> 2165,650
1257 -> 1255
1258 -> 329
1259 -> 1260,2663,2856
126 -> 638,880,99
1260 -> 1258
1261 -> 1262
1262 -> 1847,2443,571
1263 -> 1261
1264 -> 1266
1265 -> 1199
1266 -> 1265
1267 -> 152
1268 -> 1267
1269 -> 1268
127 -> 320,794,88
1270 -> 1271,1769
1271 -> 1231,2687
1272 -> 1270
1273 -> 1274
1274 -> 70
1275 -> 1273,1447
1276 -> 1278
1277 -> 1276
1278 -> 442
1279 -> 1280
128 -> 127,175
1280 -> 133
1281 -> 1279
1282 -> 1284
1283 -> 765
1284 -> 1283,2706
1285 -> 1287
1286 -> 1285
1287 -> 267
1288 -> 1290
1289 -> 1288,1628
129 -> 128
1290 -> 1366,1639,93
1291 -> 1156
1292 -> 1293
1293 -> 1291
1294 -> 642
1295 -> 1296,1430
1296 -> 1294
1297 -> 404
1298 -> 1299
1299 -> 1297
13 -> 1443,15,2268,34,60
130 -> 132
1300 -> 1302
1301 -> 1300
1302 -> 831
1303 -> 1305,1351
1304 -> 1041
1305 -> 1304
1306 -> 1308,2581
1307 -> 1306
1308 -> 313
1309 -> 1003
131 -> 130,204
1310 -> 1309
1311 -> 1310,1328
1312 -> 1313,1419
1313 -> 462
1314 -> 1312
1315 -> 1316
1316 -> 1317
1317 -> 18
1318 -> 1078
1319 -> 1320
132 -> 113,143,146
1320 -> 1318
1321 -> 1220,2324
1322 -> 1323
1323 -> 1321,1589
1324 -> 1326
1325 -> 283
1326 -> 1325
1327 -> 1311
1328 -> 1329
1329 -> 1327
133 -> 119,1281,140
1330 -> 1331
1331 -> 328
1332 -> 1330
1333 -> 1335
1334 -> 1333,2172
1335 -> 33
1336 -> 1337
1337 -> 1338
1338 -> 241
1339 -> 1154
134 -> 133,1355
1340 -> 1341
1341 -> 1339
1342 -> 900
1343 -> 1342
1344 -> 1343
1345 -> 1347
1346 -> 1345,1529
1347 -> 1903,324
1348 -> 1934,395
1349 -> 1350
135 -> 134
1350 -> 1348
1351 -> 1353
1352 -> 1303,1511
1353 -> 1352
1354 -> 134,2441
1355 -> 1356,2883
1356 -> 1354
1357 -> 1358
1358 -> 1359
1359 -> 2190,495
136 -> 106
1360 -> 1362
1361 -> 231
1362 -> 1361
1363 -> 1364
1364 -> 1365,1475
1365 -> 642
1366 -> 1368
1367 -> 1290,1983
1368 -> 1367
1369 -> 1370
137 -> 136
1370 -> 268
1371 -> 1369
1372 -> 2886,507
1373 -> 1374
1374 -> 1372
1375 -> 1376
1376 -> 1377
1377 -> 878
1378 -> 1380
1379 -> 1092
138 -> 137
1380 -> 1379
1381 -> 1382
1382 -> 206
1383 -> 1381
1384 -> 1385
1385 -> 1386
1386 -> 600
1387 -> 159
1388 -> 1389
1389 -> 1387
139 -> 141
1390 -> 1391
1391 -> 1392,1994
1392 -> 167
1393 -> 1394
1394 -> 1395
1395 -> 878
1396 -> 1398
1397 -> 1396
1398 -> 764
1399 -> 1400,1685
14 -> 13,28
140 -> 139,294
1400 -> 37
1401 -> 1399
1402 -> 1404
1403 -> 756
1404 -> 1403,2736
1405 -> 1407
1406 -> 262
1407 -> 1406
1408 -> 1409
1409 -> 923
141 -> 133,512,691
1410 -> 1408
1411 -> 1412
1412 -> 1039
1413 -> 1411
1414 -> 1072
1415 -> 1416
1416 -> 1414
1417 -> 1418
1418 -> 1312
1419 -> 1417,2566
142 -> 132
1420 -> 1421,1706
1421 -> 1078
1422 -> 1420
1423 -> 1425,2149
1424 -> 1423
1425 -> 298
1426 -> 1560,966
1427 -> 1428
1428 -> 1426
1429 -> 1431
143 -> 144,941
1430 -> 1429,2814
1431 -> 1295
1432 -> 1434
1433 -> 1432,2795
1434 -> 2741,495
1435 -> 1436
1436 -> 125,1852
1437 -> 1435
1438 -> 1439
1439 -> 714
144 -> 142
1440 -> 1438
1441 -> 13,2713
1442 -> 1441
1443 -> 1442
1444 -> 473
1445 -> 1444
1446 -> 1445
1447 -> 1448
1448 -> 1449
1449 -> 1275,2059
145 -> 132
1450 -> 500
1451 -> 1450
1452 -> 1451
1453 -> 1455
1454 -> 541
1455 -> 1454
1456 -> 1457
1457 -> 1458
1458 -> 710
1459 -> 1461,2286
146 -> 147,185,675
1460 -> 1459,1703
1461 -> 501
1462 -> 1464,1896,2289
1463 -> 1003
1464 -> 1463,1612,2579
1465 -> 1767,23
1466 -> 1467,1883
1467 -> 1465
1468 -> 1470
1469 -> 1468
147 -> 145,197
1470 -> 163,2139
1471 -> 677
1472 -> 1473
1473 -> 1471
1474 -> 1364
1475 -> 1476,1937
1476 -> 1474
1477 -> 1478
1478 -> 1479
1479 -> 608
148 -> 76
1480 -> 159
1481 -> 1480
1482 -> 1481,2321
1483 -> 1131
1484 -> 1485
1485 -> 1483
1486 -> 1488
1487 -> 1486
1488 -> 916
1489 -> 1491
149 -> 148,264
1490 -> 1220
1491 -> 1490
1492 -> 1493
1493 -> 185,2682
1494 -> 1492,1999
1495 -> 826
1496 -> 1495
1497 -> 1496,1851
1498 -> 1085
1499 -> 1500
15 -> 1737,2374,3
150 -> 149
1500 -> 1498,2842
1501 -> 1502
1502 -> 1503
1503 -> 10
1504 -> 1505,2697
1505 -> 1506
1506 -> 642
1507 -> 1187,2643
1508 -> 1507
1509 -> 1508
151 -> 153
1510 -> 1512
1511 -> 1510,2090,2461
1512 -> 1352,2453
1513 -> 1515
1514 -> 1513
1515 -> 56
1516 -> 1517
1517 -> 1230,2253,2395
1518 -> 1516
1519 -> 1521
152 -> 1269,151
1520 -> 1017
1521 -> 1520
1522 -> 1523,1834,2157
1523 -> 503
1524 -> 1522
1525 -> 1527
1526 -> 1525
1527 -> 684
1528 -> 1346
1529 -> 1530
153 -> 1148,16,536,539
1530 -> 1528
1531 -> 1533,2372
1532 -> 200
1533 -> 1532
1534 -> 854
1535 -> 1536
1536 -> 1534,2802
1537 -> 1538
1538 -> 933
1539 -> 1537
154 -> 1182,2450,71
1540 -> 1542
1541 -> 1540
1542 -> 468
1543 -> 1545
1544 -> 1543,2711
1545 -> 1135,1794
1546 -> 1547
1547 -> 1548
1548 -> 1178
1549 -> 198
155 -> 154,161,273
1550 -> 1551,2616
1551 -> 1549
1552 -> 1253
1553 -> 1552
1554 -> 1553,2448
1555 -> 1556
1556 -> 241
1557 -> 1555
1558 -> 1426
1559 -> 1558
156 -> 155,270
1560 -> 1559
1561 -> 659
1562 -> 1563
1563 -> 1561
1564 -> 1189
1565 -> 1566
1566 -> 1564
1567 -> 401
1568 -> 1569
1569 -> 1567
157 -> 1074,158,178,326
1570 -> 1571,2604
1571 -> 801
1572 -> 1570
1573 -> 1575
1574 -> 775
1575 -> 1574
1576 -> 235
1577 -> 1578
1578 -> 1576
1579 -> 471
158 -> 159,1955,330
1580 -> 1581,2592
1581 -> 1579,1925
1582 -> 1584
1583 -> 729
1584 -> 1583
1585 -> 1587
1586 -> 1585
1587 -> 2573,96
1588 -> 1590
1589 -> 1588
159 -> 1388,1482,3
1590 -> 1323,1910
1591 -> 1593
1592 -> 1591
1593 -> 719
1594 -> 1595,2969
1595 -> 1596
1596 -> 1022
1597 -> 1599
1598 -> 1609,940
1599 -> 1598
16 -> 152,164,18,597
160 -> 1214,155,1785,1800,2381,708,769
1600 -> 2017,314
1601 -> 1602
1602 -> 1600
1603 -> 723
1604 -> 1605
1605 -> 1603
1606 -> 488
1607 -> 1608
1608 -> 1606
1609 -> 1611,2352
161 -> 1006,162
1610 -> 1598,2458
1611 -> 1610
1612 -> 1613
1613 -> 1614
1614 -> 1464,1663
1615 -> 1616
1616 -> 2340,789
1617 -> 1615
1618 -> 681
1619 -> 1620
162 -> 160
1620 -> 1618
1621 -> 1623
1622 -> 1621
1623 -> 833
1624 -> 1626
1625 -> 238
1626 -> 1625
1627 -> 1289,2534
1628 -> 1629
1629 -> 1627
163 -> 1469,16
1630 -> 1632
1631 -> 1630
1632 -> 1778,275
1633 -> 2629,744
1634 -> 1633
1635 -> 1634
1636 -> 1865,388
1637 -> 1636
1638 -> 1637
1639 -> 1640
164 -> 165,265,2822
1640 -> 1641
1641 -> 1290,1811
1642 -> 1644
1643 -> 1173
1644 -> 1643
1645 -> 1646
1646 -> 2207,444
1647 -> 1645
1648 -> 2689,735
1649 -> 1650,1701
165 -> 1237,163
1650 -> 1648
1651 -> 1653
1652 -> 2330,302
1653 -> 1652
1654 -> 1655
1655 -> 2859,544
1656 -> 1654
1657 -> 545
1658 -> 1657
1659 -> 1658
166 -> 400,91
1660 -> 1662
1661 -> 6
1662 -> 1661
1663 -> 1665
1664 -> 1614
1665 -> 1664
1666 -> 1668
1667 -> 1206,2457
1668 -> 1667
1669 -> 638
167 -> 1390,168
1670 -> 1671
1671 -> 1669,2145
1672 -> 1674,2673
1673 -> 1672
1674 -> 864
1675 -> 43
1676 -> 1677
1677 -> 1675
1678 -> 1679,1877
1679 -> 1680
168 -> 166
1680 -> 1034
1681 -> 1683
1682 -> 1681
1683 -> 2003,258
1684 -> 1399
1685 -> 1686
1686 -> 1684
1687 -> 1146,2878
1688 -> 1689
1689 -> 1687
169 -> 170
1690 -> 841
1691 -> 1692
1692 -> 1690
1693 -> 1695
1694 -> 1693
1695 -> 1950,591
1696 -> 1697
1697 -> 1698
1698 -> 345
1699 -> 1700,2378
17 -> 1,22
170 -> 2
1700 -> 1649,2307
1701 -> 1699
1702 -> 1704
1703 -> 1702
1704 -> 1460
1705 -> 1420
1706 -> 1707,2651
1707 -> 1705
1708 -> 1710
1709 -> 1708
171 -> 169
1710 -> 320
1711 -> 1713
1712 -> 929
1713 -> 1712
1714 -> 1716
1715 -> 1069,2117
1716 -> 1715
1717 -> 1718
1718 -> 1719
1719 -> 536
172 -> 174,199
1720 -> 1721
1721 -> 957
1722 -> 1720,2260,2899
1723 -> 1725,2185
1724 -> 299
1725 -> 1724
1726 -> 1201
1727 -> 1726
1728 -> 1727
1729 -> 1731
173 -> 192,4
1730 -> 1729
1731 -> 326
1732 -> 1733
1733 -> 314
1734 -> 1732
1735 -> 15
1736 -> 1735
1737 -> 1736
1738 -> 2780,323
1739 -> 1740,2193
174 -> 173,2181,247,356
1740 -> 1738
1741 -> 1743
1742 -> 38
1743 -> 1742
1744 -> 2819,527
1745 -> 1744
1746 -> 1745
1747 -> 1749
1748 -> 1747
1749 -> 11
175 -> 176
1750 -> 1752,1791
1751 -> 1750
1752 -> 518
1753 -> 1754,1763
1754 -> 38
1755 -> 1753
1756 -> 1758
1757 -> 975
1758 -> 1757
1759 -> 1760
176 -> 1043,177
1760 -> 1761,2936
1761 -> 1208
1762 -> 1753
1763 -> 1764
1764 -> 1762,2223
1765 -> 1766
1766 -> 1465
1767 -> 1765
1768 -> 1770
1769 -> 1768,2729
177 -> 128,238,601
1770 -> 1270,1807
1771 -> 1772
1772 -> 1773
1773 -> 561
1774 -> 880
1775 -> 1774
1776 -> 1775,2016
1777 -> 1632,2676,2887
1778 -> 1779
1779 -> 1777
178 -> 180
1780 -> 1782,2215
1781 -> 277
1782 -> 1781
1783 -> 1784
1784 -> 160
1785 -> 1783
1786 -> 1787
1787 -> 332
1788 -> 1786
1789 -> 1790,2956
179 -> 157
1790 -> 1750,2318
1791 -> 1789
1792 -> 1545
1793 -> 1792
1794 -> 1793
1795 -> 1134
1796 -> 1795
1797 -> 1796,2862
1798 -> 160
1799 -> 1798
18 -> 1013,113,1315,17,317
180 -> 179
1800 -> 1799
1801 -> 1802
1802 -> 2482,334
1803 -> 1801
1804 -> 1806
1805 -> 556
1806 -> 1805
1807 -> 1808
1808 -> 1809
1809 -> 1770
181 -> 1036,182,381
1810 -> 1641
1811 -> 1812
1812 -> 1810
1813 -> 622
1814 -> 1813
1815 -> 1814
1816 -> 1818
1817 -> 1175,2161
1818 -> 1817
1819 -> 1821
182 -> 183,2298,2423,259,438,640
1820 -> 1819
1821 -> 671
1822 -> 1823
1823 -> 1824
1824 -> 362
1825 -> 286
1826 -> 1827
1827 -> 1825
1828 -> 1829
1829 -> 1830,2115
183 -> 121,2677
1830 -> 483
1831 -> 403
1832 -> 1831
1833 -> 1832
1834 -> 1836
1835 -> 1522
1836 -> 1835
1837 -> 1838
1838 -> 1185,2528
1839 -> 1837
184 -> 186,2341,324,784
1840 -> 1841
1841 -> 276
1842 -> 1840
1843 -> 1845
1844 -> 1035
1845 -> 1844
1846 -> 1848
1847 -> 1846
1848 -> 1262
1849 -> 1850
185 -> 1494,184
1850 -> 1497
1851 -> 1849
1852 -> 1854
1853 -> 1436
1854 -> 1853
1855 -> 624
1856 -> 1857
1857 -> 1855
1858 -> 1859
1859 -> 2493,273
186 -> 146,727
1860 -> 1858
1861 -> 1862
1862 -> 252,2625
1863 -> 1861
1864 -> 1636
1865 -> 1866
1866 -> 1864
1867 -> 1008
1868 -> 1869
1869 -> 1867
187 -> 189
1870 -> 1947,2110,976
1871 -> 1872
1872 -> 1870
1873 -> 1874
1874 -> 1875
1875 -> 102
1876 -> 1678
1877 -> 1878
1878 -> 1876
1879 -> 1881
188 -> 50,647
1880 -> 1879
1881 -> 914
1882 -> 1884
1883 -> 1882
1884 -> 1466
1885 -> 922
1886 -> 1885
1887 -> 1886
1888 -> 1890
1889 -> 1888
189 -> 188,2617,331
1890 -> 445
1891 -> 373
1892 -> 1893
1893 -> 1891
1894 -> 1462
1895 -> 1894,2464
1896 -> 1895
1897 -> 1899
1898 -> 2543,613
1899 -> 1898
19 -> 21
190 -> 173,218,424
1900 -> 1901
1901 -> 1902
1902 -> 1115
1903 -> 1904
1904 -> 1905
1905 -> 1347
1906 -> 1907
1907 -> 1908
1908 -> 1074
1909 -> 1590
191 -> 190,443
1910 -> 1911
1911 -> 1909
1912 -> 580
1913 -> 1912
1914 -> 1913
1915 -> 537
1916 -> 1917,2667
1917 -> 1915
1918 -> 1919
1919 -> 1920
192 -> 191,211
1920 -> 258
1921 -> 1008
1922 -> 1921
1923 -> 1922
1924 -> 1581
1925 -> 1926
1926 -> 1924
1927 -> 1928
1928 -> 1929
1929 -> 763
193 -> 67
1930 -> 1065
1931 -> 1930
1932 -> 1931
1933 -> 1348
1934 -> 1935
1935 -> 1933,2539
1936 -> 1475
1937 -> 1938
1938 -> 1936
1939 -> 867
194 -> 193,2824
1940 -> 1941
1941 -> 1939
1942 -> 251
1943 -> 1942,2076
1944 -> 1943
1945 -> 1870
1946 -> 1945
1947 -> 1946
1948 -> 1695
1949 -> 1948
195 -> 194,2575
1950 -> 1949
1951 -> 1952
1952 -> 1953
1953 -> 533
1954 -> 158
1955 -> 1956
1956 -> 1954
1957 -> 1146
1958 -> 1959
1959 -> 1957
196 -> 147,524
1960 -> 865
1961 -> 1960
1962 -> 1961
1963 -> 1160
1964 -> 1963,2299
1965 -> 1964,2263
1966 -> 1968
1967 -> 1211
1968 -> 1967
1969 -> 744
197 -> 1218,198,245
1970 -> 1971
1971 -> 1969
1972 -> 1233
1973 -> 1972
1974 -> 1973,2024
1975 -> 617
1976 -> 1977
1977 -> 1975
1978 -> 1979
1979 -> 1980
198 -> 1550,196,412
1980 -> 63
1981 -> 1367
1982 -> 1981
1983 -> 1982
1984 -> 1985,2168
1985 -> 272
1986 -> 1984
1987 -> 1156
1988 -> 1987
1989 -> 1988
199 -> 201
1990 -> 1991
1991 -> 1992
1992 -> 1126
1993 -> 1995
1994 -> 1993
1995 -> 1391
1996 -> 1998
1997 -> 1996
1998 -> 42
1999 -> 2000
2 -> 1,115,171,6
20 -> 1105,299,4
200 -> 1531,172,2275,634
2000 -> 2001
2001 -> 1494
2002 -> 2004
2003 -> 2002
2004 -> 1683,2386
2005 -> 2007
2006 -> 2005
2007 -> 544
2008 -> 1115
2009 -> 2008
201 -> 200
2010 -> 2009
2011 -> 2013
2012 -> 2065,440
2013 -> 2012
2014 -> 1776
2015 -> 2014
2016 -> 2015
2017 -> 2019,2962
2018 -> 1600,2278,2926
2019 -> 2018
202 -> 203,480
2020 -> 2022
2021 -> 2020,2897
2022 -> 88
2023 -> 2025,2309
2024 -> 2023
2025 -> 1974
2026 -> 218,2877
2027 -> 2028
2028 -> 2026
2029 -> 2031,2571
203 -> 131
2030 -> 2029
2031 -> 1052,2726
2032 -> 2034
2033 -> 2032
2034 -> 394
2035 -> 2959,728
2036 -> 2035
2037 -> 2036
2038 -> 2040
2039 -> 108
204 -> 202
2040 -> 2039
2041 -> 2042
2042 -> 2043
2043 -> 2600,880
2044 -> 802
2045 -> 2044
2046 -> 2045
2047 -> 2049
2048 -> 2047
2049 -> 1235
205 -> 124,610
2050 -> 2069,270
2051 -> 2050
2052 -> 2051
2053 -> 2054
2054 -> 285
2055 -> 2053
2056 -> 2058
2057 -> 2056
2058 -> 351
2059 -> 2060
206 -> 1383,205
2060 -> 2061,2693
2061 -> 1449
2062 -> 2063
2063 -> 1126
2064 -> 2062
2065 -> 2066
2066 -> 2067
2067 -> 2012
2068 -> 2070
2069 -> 2068
207 -> 206,808
2070 -> 2050
2071 -> 2072
2072 -> 734
2073 -> 2071
2074 -> 2075
2075 -> 1943
2076 -> 2074
2077 -> 2079
2078 -> 1182
2079 -> 2078
208 -> 1099,210,2248,2522
2080 -> 2081
2081 -> 535
2082 -> 2080,2611
2083 -> 2085
2084 -> 2083
2085 -> 103
2086 -> 1182
2087 -> 2088
2088 -> 2086
2089 -> 1511
209 -> 43
2090 -> 2091
2091 -> 2089,2807
2092 -> 2093
2093 -> 38
2094 -> 2092
2095 -> 480
2096 -> 2097
2097 -> 2095
2098 -> 948
2099 -> 2098
21 -> 20,91
210 -> 209,698
2100 -> 2099
2101 -> 2103
2102 -> 2101
2103 -> 690
2104 -> 2105
2105 -> 2106
2106 -> 903
2107 -> 2109
2108 -> 322
2109 -> 2108
211 -> 213,392
2110 -> 2111
2111 -> 2112
2112 -> 1870
2113 -> 1829
2114 -> 2113,2496
2115 -> 2114
2116 -> 1715
2117 -> 2118
2118 -> 2116
2119 -> 2120,2547
212 -> 1058,192
2120 -> 422
2121 -> 2119
2122 -> 2124
2123 -> 833
2124 -> 2123
2125 -> 2126
2126 -> 2127
2127 -> 838
2128 -> 2130
2129 -> 2128
213 -> 212,290
2130 -> 572
2131 -> 2133
2132 -> 412
2133 -> 2132
2134 -> 787
2135 -> 2136
2136 -> 2134
2137 -> 1470
2138 -> 2137,2255,2488
2139 -> 2138
214 -> 24
2140 -> 2141
2141 -> 225
2142 -> 2140
2143 -> 2144
2144 -> 1671
2145 -> 2143
2146 -> 2147
2147 -> 461
2148 -> 2146
2149 -> 2150
215 -> 214,334
2150 -> 2151
2151 -> 1423
2152 -> 461
2153 -> 2152
2154 -> 2153
2155 -> 1522
2156 -> 2155
2157 -> 2156
2158 -> 2160,2549
2159 -> 114
216 -> 215
2160 -> 2159
2161 -> 2163
2162 -> 1817
2163 -> 2162
2164 -> 1256
2165 -> 2166
2166 -> 2164
2167 -> 2169,2198
2168 -> 2167
2169 -> 1984
217 -> 219
2170 -> 2171
2171 -> 1334,2478
2172 -> 2170
2173 -> 2174
2174 -> 73
2175 -> 2173
2176 -> 2177
2177 -> 465
2178 -> 2176
2179 -> 2180
218 -> 2027,217
2180 -> 174
2181 -> 2179
2182 -> 2184
2183 -> 2182
2184 -> 596
2185 -> 2187
2186 -> 1723
2187 -> 2186,2475
2188 -> 1359
2189 -> 2188
219 -> 190,309,624
2190 -> 2189
2191 -> 1739
2192 -> 2191
2193 -> 2192
2194 -> 2195
2195 -> 2196
2196 -> 78
2197 -> 2167
2198 -> 2199
2199 -> 2197
22 -> 23,33
220 -> 221
2200 -> 2201
2201 -> 2202
2202 -> 289
2203 -> 521
2204 -> 2203
2205 -> 2204
2206 -> 1646
2207 -> 2208
2208 -> 2206
2209 -> 1021
221 -> 222
2210 -> 2209
2211 -> 2210
2212 -> 76
2213 -> 2214
2214 -> 2212
2215 -> 2217
2216 -> 1780
2217 -> 2216
2218 -> 2220
2219 -> 785
222 -> 114,2992,579
2220 -> 2219
2221 -> 1764
2222 -> 2221,2259
2223 -> 2222
2224 -> 641
2225 -> 2226
2226 -> 2224
2227 -> 438
2228 -> 2227
2229 -> 2228
223 -> 224
2230 -> 2232
2231 -> 907
2232 -> 2231
2233 -> 1232
2234 -> 2233
2235 -> 2234
2236 -> 374
2237 -> 2236
2238 -> 2237
2239 -> 2240
224 -> 98
2240 -> 2241
2241 -> 2925,995
2242 -> 2243
2243 -> 2244
2244 -> 103
2245 -> 2246
2246 -> 1193
2247 -> 2245
2248 -> 2249
2249 -> 2250
225 -> 2142,223,773
2250 -> 208
2251 -> 1517
2252 -> 2251
2253 -> 2252,2293
2254 -> 2256
2255 -> 2254,2869
2256 -> 2138
2257 -> 2258
2258 -> 2222
2259 -> 2257
226 -> 228
2260 -> 2262
2261 -> 1722,2562
2262 -> 2261
2263 -> 2265
2264 -> 1965
2265 -> 2264
2266 -> 13
2267 -> 2266
2268 -> 2267
2269 -> 505
227 -> 24
2270 -> 2271
2271 -> 2269
2272 -> 2274
2273 -> 1001
2274 -> 2273
2275 -> 2276
2276 -> 2277
2277 -> 200,2558
2278 -> 2279
2279 -> 2280
228 -> 1061,227,747
2280 -> 2018
2281 -> 2283
2282 -> 2281
2283 -> 895
2284 -> 2285,2598
2285 -> 1459
2286 -> 2284
2287 -> 2288
2288 -> 1462
2289 -> 2287
229 -> 230
2290 -> 2292
2291 -> 953
2292 -> 2291
2293 -> 2294
2294 -> 2295,2707
2295 -> 2253
2296 -> 2297
2297 -> 182
2298 -> 2296
2299 -> 2300
23 -> 1003,1466,24,25,37
230 -> 48,589,671
2300 -> 2301
2301 -> 1964
2302 -> 62
2303 -> 2304
2304 -> 2302
2305 -> 2306
2306 -> 1700
2307 -> 2305
2308 -> 2023
2309 -> 2310,2479
231 -> 1360,229,973
2310 -> 2308
2311 -> 2313
2312 -> 2311
2313 -> 859
2314 -> 2316,2526
2315 -> 2314
2316 -> 2537,581
2317 -> 1790
2318 -> 2319,2786
2319 -> 2317
232 -> 2367,274,48
2320 -> 1482
2321 -> 2322
2322 -> 2320,2864
2323 -> 1321
2324 -> 2325
2325 -> 2323
2326 -> 2327
2327 -> 1009,2827
2328 -> 2326
2329 -> 1652
233 -> 232
2330 -> 2331
2331 -> 2329
2332 -> 2333
2333 -> 1039
2334 -> 2332
2335 -> 707
2336 -> 2337
2337 -> 2335
2338 -> 2339
2339 -> 1616
234 -> 233,236,2405
2340 -> 2338
2341 -> 2343,2469
2342 -> 184
2343 -> 2342
2344 -> 2345
2345 -> 1042
2346 -> 2344
2347 -> 2348
2348 -> 2349
2349 -> 2722,861
235 -> 1577,234
2350 -> 1609
2351 -> 2350
2352 -> 2351
2353 -> 1187
2354 -> 2355
2355 -> 2353
2356 -> 2358
2357 -> 563
2358 -> 2357
2359 -> 100
236 -> 237
2360 -> 2359,2585
2361 -> 2360
2362 -> 2363
2363 -> 1102
2364 -> 2362
2365 -> 2366
2366 -> 232
2367 -> 2365
2368 -> 2370
2369 -> 2368
237 -> 235
2370 -> 702
2371 -> 1531
2372 -> 2373
2373 -> 2371
2374 -> 2376
2375 -> 15
2376 -> 2375
2377 -> 2379,2485
2378 -> 2377
2379 -> 1699
238 -> 1624,239,277
2380 -> 160
2381 -> 2382
2382 -> 2380
2383 -> 762
2384 -> 2385
2385 -> 2383
2386 -> 2387
2387 -> 2388
2388 -> 2004
2389 -> 375
239 -> 240
2390 -> 2391
2391 -> 2389
2392 -> 2394,2628
2393 -> 1199
2394 -> 2393
2395 -> 2396
2396 -> 2397
2397 -> 1517
2398 -> 1248
2399 -> 2398
24 -> 1140,17,216,226
240 -> 177
2400 -> 2399,2744
2401 -> 2403
2402 -> 2401
2403 -> 107
2404 -> 2406
2405 -> 2404
2406 -> 234
2407 -> 904
2408 -> 2409
2409 -> 2407
241 -> 1336,1557,243,736
2410 -> 2412
2411 -> 2410
2412 -> 2750,828
2413 -> 701
2414 -> 2413
2415 -> 2414
2416 -> 2418
2417 -> 1152
2418 -> 2417
2419 -> 2420
242 -> 241
2420 -> 2421
2421 -> 1135
2422 -> 182
2423 -> 2424,2512
2424 -> 2422
2425 -> 2427
2426 -> 966
2427 -> 2426
2428 -> 2430
2429 -> 729
243 -> 1050,115
2430 -> 2429
2431 -> 2433
2432 -> 1190
2433 -> 2432
2434 -> 2435,2752
2435 -> 662
2436 -> 2434
2437 -> 2438,2774
2438 -> 2439
2439 -> 788
244 -> 197
2440 -> 1354
2441 -> 2442
2442 -> 2440
2443 -> 2445
2444 -> 1262
2445 -> 2444
2446 -> 2447
2447 -> 1554
2448 -> 2446
2449 -> 2451
245 -> 246
2450 -> 2449
2451 -> 154
2452 -> 1512
2453 -> 2454
2454 -> 2452
2455 -> 2456
2456 -> 1667
2457 -> 2455
2458 -> 2460
2459 -> 1610
246 -> 244
2460 -> 2459
2461 -> 2463
2462 -> 1511
2463 -> 2462
2464 -> 2465
2465 -> 2466
2466 -> 1895
2467 -> 2468
2468 -> 2341
2469 -> 2467
247 -> 249
2470 -> 2472
2471 -> 2470
2472 -> 883
2473 -> 2187
2474 -> 2473
2475 -> 2474
2476 -> 2477
2477 -> 2171
2478 -> 2476
2479 -> 2480
248 -> 174
2480 -> 2481
2481 -> 2309
2482 -> 2484
2483 -> 1802
2484 -> 2483
2485 -> 2487
2486 -> 2377
2487 -> 2486
2488 -> 2489
2489 -> 2490
249 -> 248,608
2490 -> 2138
2491 -> 2492
2492 -> 1859,2515
2493 -> 2491
2494 -> 2114
2495 -> 2494
2496 -> 2495
2497 -> 2499
2498 -> 1094
2499 -> 2498
25 -> 27,66,787,838
250 -> 251
2500 -> 2502
2501 -> 667
2502 -> 2501
2503 -> 2504
2504 -> 1161
2505 -> 2503
2506 -> 56
2507 -> 2506
2508 -> 2507
2509 -> 2511
251 -> 109,1944
2510 -> 1028
2511 -> 2510
2512 -> 2514
2513 -> 2423
2514 -> 2513
2515 -> 2516
2516 -> 2517
2517 -> 2492
2518 -> 786
2519 -> 2520
252 -> 1863,250
2520 -> 2518
2521 -> 208
2522 -> 2523
2523 -> 2521
2524 -> 2314
2525 -> 2524
2526 -> 2525
2527 -> 1838
2528 -> 2529
2529 -> 2527
253 -> 255
2530 -> 1076
2531 -> 2532
2532 -> 2530
2533 -> 1627
2534 -> 2535
2535 -> 2533
2536 -> 2538
2537 -> 2536
2538 -> 2316
2539 -> 2541
254 -> 9
2540 -> 1935
2541 -> 2540
2542 -> 1898
2543 -> 2544
2544 -> 2542
2545 -> 2119
2546 -> 2545
2547 -> 2546,2646
2548 -> 2550
2549 -> 2548
255 -> 254,766
2550 -> 2158
2551 -> 2553
2552 -> 2551
2553 -> 367
2554 -> 2555
2555 -> 2913,796
2556 -> 2554
2557 -> 2559
2558 -> 2557
2559 -> 2277
256 -> 95
2560 -> 2561
2561 -> 2261
2562 -> 2560
2563 -> 2564
2564 -> 2565
2565 -> 901
2566 -> 2568
2567 -> 1419
2568 -> 2567
2569 -> 2029
257 -> 256,534
2570 -> 2569,2988
2571 -> 2570
2572 -> 2574
2573 -> 2572
2574 -> 1587
2575 -> 2576
2576 -> 2577
2577 -> 195
2578 -> 2580
2579 -> 2578
258 -> 1682,1918,257
2580 -> 1464
2581 -> 2582
2582 -> 2583
2583 -> 1306
2584 -> 2586,2907
2585 -> 2584
2586 -> 2360
2587 -> 2588
2588 -> 2589,2767
2589 -> 408
259 -> 261,734
2590 -> 1580
2591 -> 2590
2592 -> 2591
2593 -> 2594
2594 -> 2595
2595 -> 435
2596 -> 2284
2597 -> 2596
2598 -> 2597
2599 -> 2043
26 -> 23,492
260 -> 182
2600 -> 2601
2601 -> 2599
2602 -> 1570
2603 -> 2602
2604 -> 2603
2605 -> 4
2606 -> 2605
2607 -> 2606
2608 -> 2610
2609 -> 1103
261 -> 260
2610 -> 2609
2611 -> 2612
2612 -> 2613
2613 -> 2082
2614 -> 2615
2615 -> 1550
2616 -> 2614
2617 -> 2618
2618 -> 2619
2619 -> 189
262 -> 1405,263
2620 -> 2621
2621 -> 2622
2622 -> 428
2623 -> 2624
2624 -> 1862
2625 -> 2623
2626 -> 2627
2627 -> 2392
2628 -> 2626
2629 -> 2631
263 -> 149
2630 -> 1633,2720
2631 -> 2630
2632 -> 2633
2633 -> 515
2634 -> 2632
2635 -> 2637
2636 -> 865
2637 -> 2636
2638 -> 737
2639 -> 2640
264 -> 262,429
2640 -> 2638
2641 -> 1507
2642 -> 2641
2643 -> 2642
2644 -> 2547
2645 -> 2644
2646 -> 2645
2647 -> 2649
2648 -> 365
2649 -> 2648
265 -> 266
2650 -> 2652
2651 -> 2650
2652 -> 1706,2656
2653 -> 1081
2654 -> 2653
2655 -> 2654
2656 -> 2657
2657 -> 2658
2658 -> 2652
2659 -> 2660
266 -> 267,493
2660 -> 2661
2661 -> 716
2662 -> 1259
2663 -> 2664
2664 -> 2662
2665 -> 2666
2666 -> 1916
2667 -> 2665
2668 -> 2669
2669 -> 675
267 -> 1286,164
2670 -> 2668,2953
2671 -> 1672
2672 -> 2671,2946
2673 -> 2672
2674 -> 1777
2675 -> 2674,2835
2676 -> 2675,2893
2677 -> 2679
2678 -> 183
2679 -> 2678
268 -> 1371,156
2680 -> 2681
2681 -> 1493
2682 -> 2680
2683 -> 2684
2684 -> 675
2685 -> 2683
2686 -> 2688
2687 -> 2686
2688 -> 1271
2689 -> 2691
269 -> 1211,268
2690 -> 1648
2691 -> 2690,2703
2692 -> 2694
2693 -> 2692
2694 -> 2060
2695 -> 2696
2696 -> 1504
2697 -> 2695
2698 -> 314
2699 -> 2700
27 -> 26
270 -> 2052,269,2995
2700 -> 2698
2701 -> 2702
2702 -> 2691
2703 -> 2701
2704 -> 1284
2705 -> 2704
2706 -> 2705
2707 -> 2708
2708 -> 2709
2709 -> 2294
271 -> 155
2710 -> 2712
2711 -> 2710
2712 -> 1544
2713 -> 2715
2714 -> 1441
2715 -> 2714
2716 -> 987
2717 -> 2716
2718 -> 2717
2719 -> 2721
272 -> 1986,271
2720 -> 2719
2721 -> 2630
2722 -> 2723
2723 -> 2724
2724 -> 2349
2725 -> 2031
2726 -> 2727
2727 -> 2725
2728 -> 1769
2729 -> 2730
273 -> 1860,272
2730 -> 2728
2731 -> 1236
2732 -> 2731
2733 -> 2732
2734 -> 2735
2735 -> 1404
2736 -> 2734
2737 -> 2738
2738 -> 2739
2739 -> 1226
274 -> 275
2740 -> 1434
2741 -> 2742
2742 -> 2740
2743 -> 2745
2744 -> 2743
2745 -> 2400
2746 -> 619
2747 -> 2748
2748 -> 2746,2830
2749 -> 2412
275 -> 1631,276
2750 -> 2751
2751 -> 2749
2752 -> 2754
2753 -> 2434
2754 -> 2753
2755 -> 2756
2756 -> 2757
2757 -> 303
2758 -> 2759
2759 -> 2771,500
276 -> 1842,232,498
2760 -> 2758
2761 -> 2762
2762 -> 1006
2763 -> 2761
2764 -> 2766
2765 -> 351
2766 -> 2765
2767 -> 2768
2768 -> 2769
2769 -> 2588
277 -> 1780,279
2770 -> 2759
2771 -> 2772
2772 -> 2770
2773 -> 2437
2774 -> 2775
2775 -> 2773
2776 -> 2777
2777 -> 2778
2778 -> 2850,864
2779 -> 2781
278 -> 238
2780 -> 2779
2781 -> 1738
2782 -> 2783
2783 -> 732
2784 -> 2782
2785 -> 2787
2786 -> 2785
2787 -> 2318
2788 -> 595
2789 -> 2788
279 -> 278
2790 -> 2789
2791 -> 1054
2792 -> 2791
2793 -> 2792
2794 -> 1433
2795 -> 2796
2796 -> 2794
2797 -> 33
2798 -> 2799
2799 -> 2797,2840
28 -> 30
280 -> 60
2800 -> 2801
2801 -> 1536
2802 -> 2800
2803 -> 2804
2804 -> 2805
2805 -> 897
2806 -> 2091
2807 -> 2808
2808 -> 2806
2809 -> 2810
281 -> 280
2810 -> 2811
2811 -> 1089
2812 -> 1430
2813 -> 2812
2814 -> 2813
2815 -> 2816
2816 -> 863
2817 -> 2815
2818 -> 1744
2819 -> 2820
282 -> 281
2820 -> 2818
2821 -> 2823
2822 -> 2821
2823 -> 164
2824 -> 2826
2825 -> 194
2826 -> 2825
2827 -> 2828
2828 -> 2829
2829 -> 2327
283 -> 1324,284,732,760
2830 -> 2831
2831 -> 2832
2832 -> 2748
2833 -> 2675
2834 -> 2833
2835 -> 2834
2836 -> 2838
2837 -> 33
2838 -> 2837
2839 -> 2799
284 -> 101
2840 -> 2841
2841 -> 2839
2842 -> 2843
2843 -> 2844
2844 -> 1500
2845 -> 2847
2846 -> 706
2847 -> 2846
2848 -> 2778
2849 -> 2848
285 -> 2055,283,398,777
2850 -> 2849
2851 -> 724
2852 -> 2853
2853 -> 2851
2854 -> 2855
2855 -> 1259
2856 -> 2854
2857 -> 1655
2858 -> 2857,2921
2859 -> 2858
286 -> 1826,47,489
2860 -> 2861
2861 -> 1797
2862 -> 2860
2863 -> 2865
2864 -> 2863
2865 -> 2322
2866 -> 2868
2867 -> 2866
2868 -> 1040
2869 -> 2871
287 -> 286
2870 -> 2255
2871 -> 2870
2872 -> 2873
2873 -> 2874
2874 -> 405
2875 -> 2026
2876 -> 2875
2877 -> 2876
2878 -> 2879
2879 -> 2880
288 -> 287
2880 -> 1687
2881 -> 1355
2882 -> 2881
2883 -> 2882
2884 -> 1372
2885 -> 2884
2886 -> 2885
2887 -> 2889
2888 -> 1777
2889 -> 2888
289 -> 213,2200
2890 -> 2891
2891 -> 2892
2892 -> 815
2893 -> 2895
2894 -> 2676
2895 -> 2894
2896 -> 2898
2897 -> 2896
2898 -> 2021
2899 -> 2901
29 -> 14,390
290 -> 291,679
2900 -> 1722
2901 -> 2900
2902 -> 2904
2903 -> 2902
2904 -> 383
2905 -> 2906
2906 -> 2584
2907 -> 2905
2908 -> 2910
2909 -> 2908
291 -> 289,415,447
2910 -> 863
2911 -> 2555
2912 -> 2911
2913 -> 2912
2914 -> 2916
2915 -> 320
2916 -> 2915
2917 -> 717
2918 -> 2919
2919 -> 2917
292 -> 293
2920 -> 2922
2921 -> 2920
2922 -> 2858
2923 -> 2241
2924 -> 2923
2925 -> 2924
2926 -> 2927
2927 -> 2928
2928 -> 2018
2929 -> 1029
293 -> 140
2930 -> 2931
2931 -> 2929
2932 -> 2934
2933 -> 403
2934 -> 2933
2935 -> 2937
2936 -> 2935
2937 -> 1760
2938 -> 768
2939 -> 2938
294 -> 292
2940 -> 2939
2941 -> 2942
2942 -> 782
2943 -> 2941
2944 -> 2945
2945 -> 2672
2946 -> 2944
2947 -> 2949
2948 -> 2947
2949 -> 954
295 -> 78
2950 -> 2951
2951 -> 1106
2952 -> 2950
2953 -> 2955
2954 -> 2670
2955 -> 2954
2956 -> 2957
2957 -> 2958
2958 -> 1789
2959 -> 2960
296 -> 295
2960 -> 2961
2961 -> 2035
2962 -> 2964
2963 -> 2017
2964 -> 2963
2965 -> 2967
2966 -> 2965
2967 -> 298
2968 -> 1594
2969 -> 2970
297 -> 296
2970 -> 2968
2971 -> 2973
2972 -> 1150
2973 -> 2972
2974 -> 1119
2975 -> 2974
2976 -> 2975
2977 -> 2978
2978 -> 2979
2979 -> 668
298 -> 1424,2966,300
2980 -> 2981
2981 -> 998
2982 -> 2980
2983 -> 2984
2984 -> 82
2985 -> 2983
2986 -> 2987
2987 -> 2570
2988 -> 2986
2989 -> 2991
299 -> 1723,298,386
2990 -> 2989
2991 -> 1209
2992 -> 2993
2993 -> 2994
2994 -> 222
2995 -> 2997
2996 -> 270
2997 -> 2996
2998 -> 2999
2999 -> 1074
3 -> 0,14,157,53,70
30 -> 29,338
300 -> 20
3000 -> 2998
301 -> 71
302 -> 1651,301
303 -> 1117,2755,302
304 -> 305
305 -> 306
306 -> 5
307 -> 308
308 -> 219
309 -> 307
31 -> 32
310 -> 312
311 -> 310,503,963
312 -> 12,937
313 -> 1307,68
314 -> 1601,1734,2699,313,606
315 -> 314,499,658
316 -> 318,955
317 -> 316
318 -> 18
319 -> 321,583
32 -> 22
320 -> 1709,2914,319
321 -> 127,405,841
322 -> 184,2107
323 -> 1739,322
324 -> 1346,323
325 -> 327,453
326 -> 1730,325,418,505
327 -> 1104,157,710
328 -> 1332,158,978
329 -> 1259,328,807
33 -> 1334,2798,2836,31,46
330 -> 329
331 -> 333,593
332 -> 1788,189
333 -> 332
334 -> 1150,1803,335,868
335 -> 336
336 -> 215
337 -> 339
338 -> 337
339 -> 1200,30
34 -> 35
340 -> 342,348,353,743
341 -> 340
342 -> 56
343 -> 345,900
344 -> 106
345 -> 1696,344
346 -> 347
347 -> 340
348 -> 346
349 -> 1,1178
35 -> 36
350 -> 1172,349,362
351 -> 2057,2764,350,358
352 -> 340
353 -> 354
354 -> 1233,352
355 -> 357
356 -> 355
357 -> 174,965
358 -> 359
359 -> 360,997
36 -> 13,89
360 -> 351
361 -> 1069,350,904
362 -> 1822,363
363 -> 361
364 -> 41
365 -> 2647,364
366 -> 365,514
367 -> 2552,369
368 -> 1153,80
369 -> 368,464,820
37 -> 1080,111,1401,39
370 -> 371
371 -> 372
372 -> 12,484
373 -> 1892,375
374 -> 1235,2238,373
375 -> 2390,7,917
376 -> 378,406,701
377 -> 95
378 -> 377,628
379 -> 380,421
38 -> 1741,1755,2094,23,97
380 -> 181
381 -> 379
382 -> 383
383 -> 2903,384,440
384 -> 75
385 -> 387
386 -> 385,409
387 -> 299,549
388 -> 1638,29
389 -> 1015,388,469
39 -> 38,866
390 -> 389
391 -> 393
392 -> 391
393 -> 211
394 -> 2033,395
395 -> 1349,396,541
396 -> 73
397 -> 285
398 -> 399
399 -> 397,522
4 -> 122,172,19,2607,5,67,8
40 -> 10,103,49,80
400 -> 402
401 -> 1568,166
402 -> 401
403 -> 1833,2932,321
404 -> 1298,403
405 -> 2872,404,553
406 -> 408
407 -> 376
408 -> 2587,407
409 -> 411
41 -> 366,42
410 -> 386
411 -> 410,817
412 -> 2131,414
413 -> 198
414 -> 413
415 -> 417,695
416 -> 1056,291,653
417 -> 416
418 -> 420
419 -> 326,474,581,631
42 -> 1997,40
420 -> 419
421 -> 423
422 -> 2121,379,614
423 -> 422
424 -> 425
425 -> 426
426 -> 1176,190
427 -> 1113,428
428 -> 2620,264
429 -> 427,468
43 -> 1676,208,45,712,85
430 -> 431
431 -> 432,569,891
432 -> 95
433 -> 434
434 -> 435
435 -> 115,2593
436 -> 437
437 -> 182
438 -> 2229,436
439 -> 441
44 -> 1,460
440 -> 1183,2011,439,811
441 -> 383
442 -> 1277,191
443 -> 444
444 -> 1647,442
445 -> 1889,446
446 -> 291
447 -> 1157,445,565
448 -> 739,97
449 -> 450,896
45 -> 44
450 -> 448
451 -> 325
452 -> 451
453 -> 452
454 -> 456
455 -> 454,544
456 -> 114
457 -> 459
458 -> 12
459 -> 458,572,948
46 -> 47
460 -> 1134,462
461 -> 2148,2154,44
462 -> 1314,461
463 -> 369
464 -> 465
465 -> 2178,463
466 -> 467
467 -> 429,722
468 -> 1541,466,517
469 -> 471,556
47 -> 288,48,96
470 -> 389,663
471 -> 1580,470
472 -> 473
473 -> 1446,419
474 -> 472
475 -> 74
476 -> 475
477 -> 476,686,833
478 -> 202
479 -> 478
48 -> 231,234,33
480 -> 2096,479
481 -> 482,528
482 -> 1075,77,968
483 -> 1828,481
484 -> 485,684
485 -> 486
486 -> 372,552
487 -> 286
488 -> 1607,487,530
489 -> 488
49 -> 51,994
490 -> 26
491 -> 490
492 -> 491,958
493 -> 495
494 -> 266
495 -> 1357,1433,494,888
496 -> 497
497 -> 1166,276,860
498 -> 496,664
499 -> 500,561
5 -> 102,2,304
50 -> 187,40
500 -> 1452,2760,501
501 -> 1460,315
502 -> 1032,311
503 -> 1524,504
504 -> 502
505 -> 2270,506
506 -> 507
507 -> 1373,326
508 -> 509
509 -> 74
51 -> 50
510 -> 508
511 -> 513
512 -> 1115,1137,511
513 -> 141
514 -> 515
515 -> 2634,516
516 -> 366
517 -> 518
518 -> 1751,519
519 -> 468
52 -> 3
520 -> 521
521 -> 2205,399
522 -> 520,587
523 -> 525
524 -> 1249,523
525 -> 196
526 -> 527
527 -> 1746,481,981
528 -> 526,751
529 -> 488
53 -> 54
530 -> 531
531 -> 529
532 -> 533
533 -> 1951,257
534 -> 532
535 -> 1064,2082,537,689
536 -> 1717,535
537 -> 153,1916
538 -> 153
539 -> 540
54 -> 52
540 -> 538
541 -> 1453,542
542 -> 543
543 -> 395
544 -> 1087,1656,2006,545
545 -> 1659,546
546 -> 455,576
547 -> 1160,1170,548
548 -> 387,907
549 -> 547
55 -> 57
550 -> 551,781
551 -> 486
552 -> 550
553 -> 555
554 -> 405
555 -> 554
556 -> 1804,558
557 -> 469
558 -> 557
559 -> 560
56 -> 1514,2508,341,55
560 -> 499
561 -> 1771,559
562 -> 1146,564
563 -> 2356,562
564 -> 121,857
565 -> 566
566 -> 567
567 -> 447
568 -> 1240,431
569 -> 570
57 -> 0
570 -> 568
571 -> 1263,459
572 -> 2129,573
573 -> 571
574 -> 575
575 -> 546
576 -> 574
577 -> 222
578 -> 577
579 -> 578
58 -> 59,862
580 -> 1914,419
581 -> 2315,582
582 -> 580
583 -> 584
584 -> 585
585 -> 319
586 -> 522
587 -> 588
588 -> 586
589 -> 591
59 -> 13
590 -> 230
591 -> 1694,590
592 -> 331,625
593 -> 594
594 -> 592
595 -> 2790,596
596 -> 16,2183,598,617
597 -> 595,678
598 -> 599,621
599 -> 600
6 -> 1660,4
60 -> 282,58
600 -> 1384,596
601 -> 603
602 -> 177
603 -> 602
604 -> 605
605 -> 314
606 -> 604
607 -> 249
608 -> 1477,609
609 -> 607,875
61 -> 9
610 -> 611
611 -> 612
612 -> 205
613 -> 1897,615
614 -> 613
615 -> 422
616 -> 618
617 -> 1976,616
618 -> 596
619 -> 2747,598
62 -> 2303,63
620 -> 619
621 -> 620
622 -> 1815,623
623 -> 219
624 -> 1856,622
625 -> 626
626 -> 627
627 -> 592,643
628 -> 629,953
629 -> 630
63 -> 1978,61
630 -> 378
631 -> 633,796
632 -> 419
633 -> 632
634 -> 1041,635
635 -> 1194,1195,636,703
636 -> 200,991
637 -> 126
638 -> 1670,639
639 -> 637,779
64 -> 1066,65,73,77,985
640 -> 642
641 -> 182,2225
642 -> 1295,1363,1504,641
643 -> 644
644 -> 645,844
645 -> 627
646 -> 188
647 -> 1252,648
648 -> 646
649 -> 77,824
65 -> 25
650 -> 1257,651,755
651 -> 649
652 -> 654
653 -> 652
654 -> 416
655 -> 657
656 -> 110
657 -> 656
658 -> 659
659 -> 1562,660
66 -> 64
660 -> 315
661 -> 470
662 -> 2436,661
663 -> 662
664 -> 666
665 -> 498
666 -> 665
667 -> 2500,668
668 -> 2977,669
669 -> 114,757
67 -> 195,68
670 -> 230
671 -> 1820,672
672 -> 1243,670
673 -> 146
674 -> 673
675 -> 2670,2685,674
676 -> 1010,597
677 -> 1472,676
678 -> 677
679 -> 681
68 -> 315,69
680 -> 290
681 -> 1619,680
682 -> 683
683 -> 484
684 -> 1029,1526,682,830
685 -> 687
686 -> 685
687 -> 477,872
688 -> 690
689 -> 688
69 -> 4
690 -> 2102,535
691 -> 693
692 -> 141,814
693 -> 692,717
694 -> 415
695 -> 696
696 -> 694
697 -> 210
698 -> 699,894
699 -> 697
7 -> 374,4
70 -> 1275,71
700 -> 702
701 -> 2415,700
702 -> 2369,376
703 -> 704
704 -> 705
705 -> 635,854
706 -> 2845,707
707 -> 160,2336
708 -> 706
709 -> 327
71 -> 156,303,72
710 -> 1456,711,804
711 -> 709
712 -> 713
713 -> 714
714 -> 1440,43
715 -> 716,720
716 -> 2659,693
717 -> 2918,715
718 -> 715
719 -> 1592,718
72 -> 1128,3
720 -> 1120,719
721 -> 467,983
722 -> 723,725,879
723 -> 1604,721
724 -> 2852,722
725 -> 726
726 -> 724
727 -> 728
728 -> 2037,729
729 -> 1582,186,2428
73 -> 2175,394,75
730 -> 731
731 -> 283
732 -> 2784,730,748
733 -> 259
734 -> 2073,735
735 -> 1649,733
736 -> 738
737 -> 241,2639
738 -> 737
739 -> 741
74 -> 477,510,64
740 -> 448
741 -> 740
742 -> 340
743 -> 744,933
744 -> 1635,1970,742
745 -> 746
746 -> 228
747 -> 745
748 -> 750
749 -> 732
75 -> 382,74
750 -> 749
751 -> 753
752 -> 528
753 -> 752
754 -> 650
755 -> 756
756 -> 1402,754,828,915
757 -> 758
758 -> 759,923
759 -> 669
76 -> 150,2213,64
760 -> 761
761 -> 762
762 -> 2384,283
763 -> 1927,765
764 -> 1397,80
765 -> 1282,764
766 -> 768
767 -> 255
768 -> 2940,767
769 -> 1000,770
77 -> 483,650,78
770 -> 771,800
771 -> 160
772 -> 1081,225
773 -> 774
774 -> 772
775 -> 1573,776
776 -> 285
777 -> 775
778 -> 639
779 -> 780
78 -> 2194,297,76
780 -> 778
781 -> 783
782 -> 2943,550
783 -> 782
784 -> 785
785 -> 2218,786
786 -> 184,2519
787 -> 2135,788
788 -> 2437,789
789 -> 1617,25,850
79 -> 81
790 -> 792
791 -> 790
792 -> 9
793 -> 127
794 -> 795
795 -> 793
796 -> 2556,797
797 -> 798
798 -> 631
799 -> 801
8 -> 9
80 -> 367,763,79
800 -> 799
801 -> 1572,770
802 -> 2046,710
803 -> 802,945
804 -> 803
805 -> 1046,806
806 -> 329
807 -> 805
808 -> 809
809 -> 810
81 -> 40
810 -> 207
811 -> 812
812 -> 813
813 -> 440
814 -> 815
815 -> 2890,816
816 -> 692
817 -> 818
818 -> 819
819 -> 411
82 -> 2985,83
820 -> 821
821 -> 822
822 -> 369
823 -> 649,926
824 -> 825
825 -> 823
826 -> 1497,827
827 -> 756
828 -> 2411,826
829 -> 831
83 -> 0
830 -> 829
831 -> 1301,684,883
832 -> 834
833 -> 1622,2122,832
834 -> 477
835 -> 112
836 -> 837
837 -> 835
838 -> 2125,840
839 -> 25
84 -> 82
840 -> 839
841 -> 1020,1691,843
842 -> 321
843 -> 842
844 -> 845
845 -> 846
846 -> 644
847 -> 848
848 -> 849
849 -> 124
85 -> 86
850 -> 852
851 -> 789
852 -> 851
853 -> 855
854 -> 1535,853
855 -> 705
856 -> 858
857 -> 856
858 -> 564
859 -> 2312,861
86 -> 87
860 -> 859
861 -> 2347,497
862 -> 864
863 -> 2817,2909,58
864 -> 1673,2776,863
865 -> 1962,2635,39
866 -> 867,902
867 -> 1940,865
868 -> 869
869 -> 870
87 -> 43
870 -> 334
871 -> 873
872 -> 871
873 -> 687
874 -> 876
875 -> 874
876 -> 609
877 -> 1142,878,951
878 -> 1375,1393,722
879 -> 877
88 -> 129,2021,90
880 -> 1776,2041,882
881 -> 126
882 -> 881
883 -> 2471,885
884 -> 831
885 -> 884
886 -> 495
887 -> 886
888 -> 887
889 -> 890
89 -> 88
890 -> 431
891 -> 889
892 -> 698
893 -> 1223,892
894 -> 893
895 -> 2282,897
896 -> 895
897 -> 2803,449
898 -> 899
899 -> 343
9 -> 12,253,62,7,791
90 -> 36
900 -> 1344,898,934
901 -> 2563,866
902 -> 903
903 -> 2104,901,912
904 -> 2408,905
905 -> 906
906 -> 361
907 -> 2230,908
908 -> 909
909 -> 1034,548
91 -> 167,92
910 -> 903
911 -> 910
912 -> 911
913 -> 756
914 -> 1880,913
915 -> 914
916 -> 1487,375
917 -> 918,919
918 -> 916
919 -> 921
92 -> 93
920 -> 917
921 -> 920
922 -> 1887,758
923 -> 1410,924
924 -> 922
925 -> 823
926 -> 927
927 -> 925
928 -> 930
929 -> 1711,928
93 -> 1289,21
930 -> 0
931 -> 932
932 -> 743
933 -> 1539,931
934 -> 936
935 -> 900
936 -> 935
937 -> 938
938 -> 939
939 -> 312
94 -> 47
940 -> 143,1597
941 -> 942
942 -> 940
943 -> 944
944 -> 803
945 -> 943
946 -> 947
947 -> 459
948 -> 2100,946,988
949 -> 877
95 -> 258,376,430,94
950 -> 949
951 -> 950
952 -> 954
953 -> 1023,2290,952
954 -> 2948,628
955 -> 956
956 -> 957
957 -> 1722,316
958 -> 960
959 -> 492
96 -> 1586,95
960 -> 959
961 -> 962
962 -> 311
963 -> 961
964 -> 966
965 -> 964
966 -> 1427,2425,357
967 -> 482
968 -> 969
969 -> 967
97 -> 449,99
970 -> 972
971 -> 122
972 -> 971
973 -> 974
974 -> 975
975 -> 1756,231
976 -> 1871,328
977 -> 976
978 -> 977
979 -> 1025,980
98 -> 225,38
980 -> 527
981 -> 979
982 -> 721
983 -> 984
984 -> 982
985 -> 986
986 -> 1164,987
987 -> 2718,64
988 -> 990
989 -> 948
99 -> 125,98
990 -> 989
991 -> 993
992 -> 636
993 -> 992
994 -> 996
995 -> 2239,49
996 -> 995
997 -> 999
998 -> 2982,359
999 -> 998
